2026-05-10_00-50-36,0,draft.go:2026-05-10_00-50-36
2026-05-10_00-50-57,0,draft.go:2026-05-10_00-50-36
2026-05-10_00-50-59,0,draft.go:2026-05-10_00-50-36
2026-05-10_01-05-40,37,draft.go:2026-05-10_01-05-40
2026-05-10_01-05-42,37,draft.go:2026-05-10_01-05-40
2026-05-10_01-07-07,100,draft.go:2026-05-10_01-07-07
2026-05-10_01-07-09,100,draft.go:2026-05-10_01-07-07
2026-05-10_01-07-19,100,draft.go:2026-05-10_01-07-07
2026-05-10_02-23-53,100,draft.go:2026-05-10_01-07-07
